-2.321683 -0.466605 -2.337882 0.074251 0.450914 1.227147 0.982455 0.871923 -1.688081 -1.193925 
-0.996856 -0.589578 -2.170259 -1.752361 -0.241588 -1.451167 -0.824933 -0.920458 -1.594085 -0.864602 
-3.222620 1.392279 1.609860 1.898920 -1.210703 -1.112780 0.506708 -0.889394 -2.121273 -1.610098 
-1.653957 -1.337459 0.859064 -2.541810 0.460850 -0.608783 1.380979 0.924460 1.161398 -0.148275 
-0.701775 0.030442 -1.646288 -1.994131 -1.277686 -0.599932 -0.656888 -0.580090 -0.607205 -0.831847 
-0.535596 -3.084635 1.491857 0.926737 -0.544830 -0.115151 -0.010929 -0.087052 -0.959812 -0.572159 
-2.808879 1.762587 -0.768362 -2.605304 2.047486 -2.923860 -0.014650 0.700347 -2.350990 0.806427 
-0.003299 -0.190329 -0.723641 0.125230 -0.270056 -1.600139 -0.176095 0.945867 0.241756 -2.225572 
3.277402 -0.929890 -1.611685 0.572369 -1.361559 -1.909595 -1.332634 2.211545 -2.770441 -1.078601 
-0.425163 -3.280696 0.618051 0.525903 -0.083947 -0.498973 -0.457054 0.017479 -0.019969 0.153216 
0.124658 -0.644530 0.493150 -0.957351 0.603896 0.511116 -2.885281 -0.240919 -1.061271 0.416773 
-1.973194 1.319839 0.781245 0.984217 -3.039409 -0.726663 -4.299819 1.166790 1.103636 0.375429 
-0.009567 -0.849239 -0.030507 -1.583648 -2.487413 1.107976 0.383860 -0.022207 -1.332365 0.640002 
-1.022247 -0.653349 -3.490771 1.200927 0.021611 1.612198 -3.536230 0.537938 0.405182 0.230102 
0.777891 0.478710 -1.147085 0.022456 0.771584 0.549721 0.049641 -4.299487 0.651102 2.120055 
1.166489 0.485231 1.188191 -0.413699 -2.064996 1.842822 0.654416 -2.404746 0.865356 -3.607350 
